850813934
771445218
771445218
850813934
771445218
850813934
771445218
850813934
771445218
850813934
423093116
107593905
37140813
116600096
460353006
255151464
567646235
219101479
751340425
222174731
498950184
80139015
533023931
464152976
387144261
304886801
695739325
388069631
771445218
850813934
423093116
107593905
37140813
116600096
460353006
255151464
567646235
219101479
751340425
222174731
498950184
80139015
533023931
464152976
387144261
304886801
695739325
388069631
771445218
850813934
423093116
107593905
37140813
116600096
460353006
255151464
567646235
219101479
751340425
222174731
498950184
80139015
533023931
464152976
387144261
304886801
695739325
388069631
771445218
850813934
423093116
107593905
37140813
116600096
460353006
255151464
567646235
219101479
751340425
222174731
498950184
80139015
533023931
464152976
387144261
304886801
695739325
388069631
771445218
850813934
423093116
107593905
37140813
116600096
460353006
255151464
567646235
219101479
751340425
222174731
498950184
80139015
533023931
464152976
387144261
304886801
695739325
388069631
771445218
850813934
423093116
107593905
37140813
